user_name,star,comment_time,geo_ip,vote,short
小p,5,2021-08-15 11:06:07,unknown,1358,强烈安利。内容本身并无太多新意，但每个议题都写得简明清晰，多个议题的内在联系也讲得透彻，而且内容和材料都非常新。可说理解中国政府和经济发展的最佳入门读物。熟悉这个主题的读者应该也能在字里行间读出更多深意。
keytabris,4,2021-08-20 09:12:19,unknown,2124,偏浅的问题大家都说过了，毕竟是入门普及读物，要求不赢太高。我比较遗憾的是兰老师传达的过于积极乐观的心态，对普通读者理解中国经济的未来可能是种隐性阻碍。
答辩顺利的时候,5,2021-08-15 00:26:02,unknown,1331,应该成为高中必读书目。。
Praetoria,5,2021-08-08 13:46:13,unknown,407,较短篇幅内融通了近年的热点问题、文献观点和对策思路，每章结尾都有进阶推荐书目，适合无门槛通识性阅读，第三、四章收获大。
nono,4,2021-08-22 11:51:23,unknown,1032,特别可惜，刚开始看给五星，看完给四星。好处是条理清晰，持论中正，非常明白的阐述了政府在经济中的显性目标，行为方式和作用。不足之处呢，一个是隔岸观火。政府行为有非常深的台面下的，里世界的，外人看不到的一面，实际操作混乱，浪费巨大，寻租巨大，不破开案例去讲，不去冒着生命危险调查，就流于表面叙述，太浅了。第二个缺点，就是述而不作。比如我们讲战略新兴产业，有太多问题可推敲了，拉出来历年的投资看看，花了多少钱？办了多少事？效率高不高？比如我们讲地方债务，怎么来的？花哪儿了？如何评估偿债能力，用债务/GDP更合理，还是债务/收入更合理？为什么土地指标向中西部倾斜，是西部大发展，还是土地财政寻租平衡？这些问题作者都略过了。或许作者有好奇心，有雄心壮志，但不敢表现出来，把公开报道扒拉扒拉整理个合集，太平文章
伯樵·阿苏勒,4,2021-08-27 18:18:37,unknown,196,大开大阖处梳理得洗练清楚，含糊其辞处一般就是不太方便说了...其实最有价值的是注释和阅读推荐（虽然极为偶尔推荐了莫名其妙的，比如《D公传》和《为什么是欧洲》，但《十年轮回》《房债》这些是真的写得有意思；刘仲藜和项怀诚那篇回忆朱相一个个省去跑谈两税制的文章是10年前Beep在Buzz上推的，从头到尾读了三遍，确实极...有启发；《红色资本》可以想见简中版的删节力度，放在当下可能无法出版，但是最便捷了解朱相如何解决四大行呆坏账的书）~~不过有些地方过度看重case，case有时过度重视特定语境，抛开语境脉络其实很多探讨的意义会削弱，要在学界混嘛，还是要有点超乎特定语境的“成果”，案例当然有意义有魅力，放之四海皆准的理论有时也等同于废话，其实能放之二海皆准就不错了~~
张勇,4,2021-09-05 13:38:11,unknown,444,蚂蚁金服的终止上市、滴滴的信息安全调查、教育企业的双减政策以及互联网企业的反垄断调查，一次次的刷新我的认知观念。我原本认为，这些巨头公司因为各种利益与政策勾连已经到了大而不倒的地步，但在政府监管的雷霆手段之下也显得不堪一击。尤其读完本书之后，又有了点新的认识，其实政策制定者比我们每个人都清楚问题所在，只是政策的制定不可能有所谓的「小步快跑」，每一项实施的政策都切实影响到十几亿人口的生活发展与未来轨迹。冷嘲热讽与躺平主义不能帮我们认清现实，唯有「置身事内」，更加深入了解中国国情与政策才能更好的理解我们生活的这个社会，往小了说，也更有助于我们做出正确的投资决策。
殷靁,5,2021-08-20 17:49:40,unknown,282,我有点想责怪兰老师用在知识通俗的功夫，但最后却不免被他的真诚打动。时代的风暴太过迅猛，没有人能知道未来究竟如何。……书摘：“生活过得好一点，比大多数宏伟更宏伟”没人知道未来会怎样。哪怕只是五六十年，也是一个远超认知的时间跨度，信念因此重要。1912年，溥仪退位，旧制度天崩地裂，新时代风起云涌，直到改革开放，仿佛已经历了几个世纪，但实际不过66年。所以这本书没什么宏大的构思和框架，也没有预测，就是介绍些当下的情况，如果能帮助读者理解身边的一些事情，从热闹的政经新闻中看出些门道，从严肃的政府文件中觉察出些机会，争取改善一下生活，哪怕只是增加些谈资，也足够了。我是个经济学家，基于专业训练的朴素信念也有一个：生活过得好一点，比大多数宏伟更宏伟。
snow,5,2021-08-31 23:49:11,unknown,106,看完了小欢兄这部新作，写得真是太好看了，唯一的遗憾是太短了，意犹未尽！读完后，这些年盘旋脑际的悲观情绪被扭转了很多，这本书让我们看到了在整个改革开放的大转型过程中，中国“政府”做对了什么，使中国从一个落后国家成为一个成功的经济体，那就是作者在书里所引证的：“在成功的经济体中，经济政策一定是务实的，不是意识形态化的；是具体的，不是抽象的。”而要继续保持成功的优势，从“生产投资型政府”向“服务型政府”的转变，就是必然的题中应有之意，无论如何倒退是没有出路的。
苏苏,3,2021-08-21 01:45:02,unknown,90,书名四星。书三星。有点浅。不痛不痒。
黯淡蓝点,2,2021-09-13 16:23:25,unknown,276,披着经济学的外衣，终于写成了政府工作经验总结报告——读完此书更加坚信了两件事情1.市场经济模式，在短期或者特定领域的竞争中会有劣势，但是长远和全面来看必然优势胜出。2.把政府关进牢笼的做法也许在短期或者特定领域的竞争中会有劣势，但除了这种最糟糕的模式，其他的都失败了。——警钟长鸣，千万不能因为一份只讲片面事实的政府报告，而重走老路。
你好哇豆瓣,5,2021-08-15 15:25:40,unknown,33,从兰老师开始写就一直期待的一本书。可以说非常接地气了，务实地理解中国经济。都是被广泛讨论的内容，但还是有很多好的视角。作者定位为学术著作，这个很重要论述扎实，寥寥几笔的背后都是理论和数据的支持。
白起,3,2021-08-23 19:41:03,unknown,89,里面的内容，如果不说有95%我在其他地方已经获得了相关的认识，那么至少有85%，所以对于我来说，增加的价值不是很多，这很正常，作者应该大不了我几岁。不过要是放在7-10年前的我，这本书还是挺有价值的，从政府主导经济引出一系列当下中国最头疼的问题，例如房价、内需不足、贫富差距等。
在向阳的向阳处,3,2021-08-31 18:51:34,unknown,206,能出版因为话只说了一半，嘿嘿，书是好书。
PooomBooom,5,2021-09-11 15:47:34,unknown,99,很棒。最近与作者长谈了一个下午，思路非常清晰，阅历也极为丰富。期待他下一部关于脱贫的著作早日出版。
豆友1375764,4,2021-08-19 14:40:07,unknown,53,那些牛博网的年轻人也都步入中年，并且开始成为了「主流」。
zlrs,4,2021-08-25 00:23:34,unknown,47,这类书比教材或理论有趣的地方在于，它是半散文性质的——知识点直接穿插了作者自身的经历描述和感想体会。这本书参考了大量前人的书籍、文章、政策和公开数据，是一本编著。第二章讲分税制改革，便使用了很多“以利为利”中的原话和引用。第三章中，作者以成都宽窄巷子和苏州工业园区为例，描写地方政府投融资的方法，非常具有知识性，也非常适合作为谈资。
John-risktaker,5,2021-08-17 12:10:45,unknown,67,连续花了两个晚上在微信读书上读完（想买实体书，在国外买不到)。兰老师对于中国见解很是深刻。我不知道在哪里听到过一句话：’中国经历了大发展，一定是做对了什么‘。我还想再加一句’中国未来的发展，我们还需要做些什么？‘只有认清现实，认清中国的社会，才能更好地把握‘我们还需要做些什么’的问题。
阅湖,5,2021-08-19 23:38:35,unknown,38,对于当代中国通识性的政治经济学介绍，文笔清晰晓畅，到第七章有豁然贯通之感。全书持论平稳，故与同类型的《大国大城》相比，或稍乏“惊艳”之处。不过仍堪当代中国政治经济学入门首选。
罗成,3,2021-09-23 20:34:40,unknown,153,《置身事内》通俗，略浅。真的要了解中国经济，尤其是政府的角色，还是推荐周黎安《转型中的地方政府》周飞舟《以利为利》还有徐高的《宏观经济学二十五讲》。兰小欢过分强调政府在经济中的作为，我更倾向于自下而上的自发秩序的作用，也更相信经济学包括中国的普适性大于特殊性。不过，综述、引述、拓展阅读都挺有价值。
ForbearChen,5,2021-08-16 08:49:21,unknown,14,理解央地关系要从理解政府开始，每天醒来呼吸的空气标准是政府制定，刷牙用的牙膏标准由政府制定，用的自来水标准亦是。事无巨细，不胜枚举，不同的只是具体由中央或是地方政府负责罢了。兰老师的这本书是理解上述现象，开始了解政府的合适之作，相较于讲义和论文原文简化了很多技术细节，的确适合快速阅读。尽管所引部分论文可能不够可信，但论文涉及的多数现象切实存在，且书中所有图片事实在有相同数据的情况下可重复，难能可贵。
C.D.,5,2021-08-15 20:05:22,unknown,49,通俗易懂，会说人话，经济发展视角介绍中国政府，政策。经济文盲型读者的福音
PPPE,3,2021-08-25 00:02:16,unknown,27,我就想知道作者每次提到文献来源时，都要报菜名似地把他们的供职大学完完整整地写出来是出于什么目的？
侯粉,5,2021-09-10 21:23:56,unknown,18,教科书级别的教科书。本书的成功说明科普读物有必要大量引用前沿科研成果。人文社科作品在向大众介绍事物间因果关系时必须要有前沿研究背书，否则你介绍的那些很可能是与现实脱节或似是而非的观点。作者个人作为新时代的受益者，其应然立场与实然观点的契合度非常真实。他来谱写这个“功能主义叙事”的标杆再合适不过。这里的“功能主义”指的就是一种以“庙堂的目的是为了最大化全民福祉”为前提对于中国经济发展脉络的解释。任何更为强调政治的解释，从此以后都要以此书作为“基准”，然后在实证上找到现实中的中国如何与此书的基准偏离，再去用政治角度来解读这个偏离。若找不到偏离，那就按照作者的叙事来理解中国吧。另，作者屡立“西方/市场经济学”为靶，但他本人也很清楚，“发展型政府->服务型政府”的转型叙事恰恰来自“西方”的线性思维。
流惜子,5,2021-09-09 13:39:58,unknown,78,如果人人都能读完它，互联网上应该会少很多无聊的争论
萧湘小林,NaN,2021-09-16 23:12:28,unknown,13,一是全面且简洁地解释了当代主要经济问题。二是大量采用了过去二十年的本土研究成果，不仅内容扎实，还有方便读者按图索骥的效果。把中国政府面临的问题和处理问题的思路讲了一遍，但一个像是年年都在解题的做题家式中国政府，形象似乎还是太单薄了。
彪哥,5,2021-09-19 12:24:23,unknown,11,地方政府发展模式—政府职能转变—发展过程与目标选择，三条主线统领全书核心立场。在观点上稳健均衡，的确配得上教科书的选题。材料使用偏重前沿，结构编排宏观微观并举，难得的是突出我们自己的宏观局势和微观结构。参考文献不拘一格，偏重入门和通识。
南辛庄西路,4,2021-08-16 20:11:34,unknown,13,一本很好的按图索骥的书，应该可以更好。一是篇幅有限，好多内容没展开，有点可惜。二是在标注中作者一律用“著作”代替了具体的书名或论文，这个不知道是什么缘故。
VEGA,5,2021-09-02 19:53:39,unknown,28,好看的，最近在看大明王朝1566，加在一起感慨颇多
背景板群演,3,2021-09-23 22:22:19,unknown,36,对了解现实中国经济运行规律很有帮助，但是对此中的负面效果只字不提（当然，我估计提了就出版不了）
少岳,2,2021-09-15 15:41:04,unknown,113,很多话不敢说，不知道在瞎乐观个啥...
DNDY,4,2021-09-06 16:59:43,unknown,105,你爷爷一失误，我爷爷就要饭
来都来了,5,2021-09-01 10:02:58,unknown,20,才读到一半，已经迫不及待来打满分了。每个人都有自己的审美品位，这本书在我的审美体系中，属于上乘之作。每章开头都提纲挈领地概括主要内容，作出初步介绍，然后在每一节中用大量的案例、事实、数据对论点作出支撑，并且都附有引文，再并且，作者还对引文给出评价性介绍，而不是学术论文那种冷冰冰的引用（这一点太过贴心，对门外汉太过友好）。然后在每章结尾再次总结和提炼本章内容。这还不算完·······每章的最后，作者还给出延申阅读书单或者论文，同样附有自己的评价和观点。之前也在读前重庆市长黄奇帆的《分析与思考》，除了房产和货币两章读的明白，其他基本读不懂······相比较而言，兰小欢教授这本就更加地亲民和接地气了，给兰教授点赞。
流沙陷,3,2021-09-24 10:32:05,unknown,66,不痛不痒的和谐之书，作为一名在城市化圈地运动/强剥削征地运动中被剥夺感十分强烈的农家子弟，我只能评你一句‘垃圾’
小波福娃,NaN,2021-09-10 16:15:34,unknown,13,翻读了一遍，不错的入门教材，参考的东西都比较新，而且海内外一些重要研究都糅合吸收进去了。
沉默の玩,4,2021-08-23 10:33:34,unknown,17,内容无新意，胜在说理通透逻辑清晰，因你我都懂的原因，阐述现有发展模式来龙去脉的上半部比阐述弊端和改革措施的下半部更翔实深入。当下平富差大、金融负债、内需不足源于地方zf在土地财政/金融加持下的投资/寻租/晋升冲动，而这又可以溯源至分税制改革后地方事权大财算小的不匹配，如果再往上追溯，大约就要上升到包括央地关系调整/拳力合法性基础及其体外监督/宫民zz参与一系列问题的现代郭嘉构建和治理领域了，在这部分短期无法进行激进改革前提下（名族主义和意识形态统宣可暂时缓解但副作用也很大），中期来看，进行制度设计（核心是税制改革）改变地方zf行为模式，以人口流入财政（涉及户籍地价教育养老投入一系列公共福利配套改革）替代简单粗暴的土地财政，是比较务实的选择。
郝海龙,NaN,2021-09-04 19:53:03,unknown,69,虽说兰老师在书中表达了自己对中国经济未来的乐观情绪，我也能部分认同。但我一直以来的隐忧并没有因此消除：我自己学经济学出身，对中国很多经济政策尚且看得云里雾里，身边那些从来没有学过经济学的朋友，更是不知道每一种政策背后都有什么意义，以及这种决策究竟出于什么目的。很多人意外地失去了利益，很多人意外地得到了利益，但不管悲剧喜剧，大家都生活在一种不安之中。本书让我们看清了不少政策背后的东西，但一则还不够，二则是这些东西原本应该在制定政策之时就让大家明白。兰老师古道热肠，作为学者让我们更了解国家经济机器的运转，但这不是他的责任，真正的责任在那些掌控机器的人。
出奇蛋,5,2021-09-28 14:19:45,unknown,24,挺有意思的，特别是开篇第一句：“那些历史上赫赫有名的大人物们，出场都没有半点慷慨激昂或阴险狡诈的样子，反倒都在做世上最乏味的事——算账。”现在网络上很多人，天天口号叫得响亮，想象多么美好，但一说成本，加钱，个个立刻哑火。
田间行走,5,2021-09-19 11:34:39,unknown,11,兰老师出品，一本了解当代中国政治经济的入门书，花了作者不少的心力。虽然偏入门向，却是一把适合拾级而上的阶梯，掀开幕布一角的同时，为知识的外溢和扩散发挥了积极贡献，本书也很适合海外出版。上篇更加。本书的主角是政府，题目即是题眼，所谓置身事内，讲的是对于经济发展，政府发挥着重要作用，无法置身事外。作者对于国家现代化发展的渐进性和务实性始终保持着一种关怀，令人感触良多：对于环境的变化，人们需要时间去适应。人不是机器部件，不可能瞬间调整，也没有人能一直紧跟时代，所以稳定的改革过程要留下足够的时间和资源去缓冲。任何成功的转型过程都离不开缓冲机制。相比于发展目的，本书更为专注于发展过程的叙述，关注初始条件和路径依赖，敬畏历史的延续性和强大力量，面向未来，更要保持实事求是的精神，走一条适合自己的发展道路。
Patrick/小白,4,2021-09-29 18:52:56,unknown,6,本书作为教科书或文献综述类的入门读物无疑是很成功的，对于近十年的中国相关应用经济学文献的把握甚至高于某些文章的原作者，对于主要矛盾也基本做到了提纲挈领。作者作为近十年来意识形态发生较比剧烈转变的新时代温拿，对（选择性提及的）新时代施政给予了高度评价，这并不奇怪。但作者同时又对于生产型政府向服务型政府转变有较为乐观的预期，这无疑与作者对新时代的高度评价有一定张力。不知道作者在未来十年是否还会保持乐观。
平生爱耍,4,2021-08-15 10:11:05,unknown,5,写的都是一些很实际的经济问题，对了解当下的中国很有帮助，要是学校的经济学老师也能这么讲课就好了，理论不多，可读性很强。
杏仁,4,2021-09-04 18:01:05,unknown,4,以学术研究为参考资料的科普类作品。对常见宏观数据和现象的认识很有帮助，也是不错的索引。写作靶子是计划经济和无为政府，射出的箭一部分来自国家资本主义。有相对和实用倾向。链条很清晰：土地（国有）-金融（银行信用）-（卖地）财政-资本-工业化与城市化-房地产-债务（宏观问题）。财权与事权。政府产业引导基金部分很有意思。若讲政府在经济中的作用，缺乏来自内部的决策逻辑和分工；若讲政府参与效率（而不只是效果），或许难以衡量具体的成本收益分摊情况，也缺乏评估框架。在房地产等宏观议题上，彭文生的框架更完善（现实）。大概深入与全面本就难以兼顾。
9,5,2021-08-22 15:45:12,unknown,11,作者实在睿智又真诚，对我这种非专业但又想了解一些中国政治经济的人实在太友好了
越石赋扶风,5,2021-08-20 23:26:34,unknown,7,作者以通俗易懂的语言，结合具体案例，对当下中国的经济发展历程及发展过程中遇到的问题做了简明扼要的分析，阅读体验非常好。
ll,5,2021-08-19 10:31:39,unknown,6,好书。从三个层面学到很多：其一，文笔生动洗炼，一气呵成；其二，细节丰富，展现改革史的波澜壮阔和当事人的权衡取舍；其三，视野开阔、问题意识强，分析框架有理论穿透力，熔理论、现象和政策实践为一炉，融会贯通的一般均衡思维。不算缺点的缺点：干货太密，稍显干巴，读起来有点累。
马尔可夫不等式,3,2021-08-19 23:33:38,unknown,10,不错的一本科普读物，但本身也没有太大的信息量
Eric Zhou,3,2021-09-09 00:04:18,unknown,31,三百多页的文献综述+书单推荐？
Weiner,3,2021-09-02 16:10:27,unknown,4,算是一本针对中国经济发展现状的概览类书籍？有些话题，此前读过相关书籍，读着便容易但也有些乏味；另外一些接触较少的话题，倒挺感谢作者列出的参考书目。
郑宁素,3,2021-09-19 14:20:01,unknown,4,这本书更多的是对“过去”和“现在”中国经济发展的一种概括和陈述，并没有过多的预测，整本书的梳理很用心，但其实没有什么特别让人感兴趣的观点。可能在预期里把他当成一部记录性的书籍会更好。
巴斯光年,3,2021-09-26 20:41:15,unknown,3,1、本书先从层级节制的官僚体制下地方政府行为入手，以地方政府的财政和晋升竞争展开了地方经济发展的“政府之手”（土地买卖、招商引资、产业投资）。政府不仅以政策对经济发挥了引导和监管的作用，还通过土地资本运作、国企、国有银行融资、政企PPP合作等直接参与生产。2、上半部分非常精彩，尤其数据和文献的引用都是专业知名的论断，具有较强学习针对性。3、本书收获最大之处在于阐释政府与市场是深度嵌入的，并非两分或者进退之论。类似于当前常说的“有效市场与有为政府相结合”。放管服改革、营商环境、居民收入相辅相成，是地方政府实力的重要表征。财政资源等只是基础，在于政府如何作为，如何精准施策。4、中国央地试点实验和地方创新推广两条路子是改革发展的有效缓冲机制。讲好中国故事既需要地方经验，也需要中央的管制协调。
斯凯迪歪,4,2021-08-16 13:14:42,unknown,7,“没人知道未来会怎样。哪怕只是五六十年，也是一个远超认知的时间跨度，信念因此重要。1912年，溥仪退位，旧制度天崩地裂，新时代风起云涌，直到改革开放，仿佛已经历了几个世纪，但实际不过66年。所以这本书没什么宏大的构思和框架，也没有预测，就是介绍些当下的情况。”——怎么说呢。第一次看兰小欢写的东西是在牛博（嫣牛博），那会儿流行博客。中国的互联网随后发展10多年，我们的生活天翻地覆，老罗成了企业家，兰小欢也成了经济学家，但当初的牛博网友恐怕谁也预计不到今天的互联网环境。兰小欢在几十年来中国的发展经济学找答案，还怀着对未来的笃定信念。我们都在这里，而只有希望，是通向美好未来的钥匙。
Dean Zhao,5,2021-08-30 11:14:11,unknown,5,AbriefintroductiontoChinesepoliticaleconomyinpost-reformera.将招商引资、土地财政、投融资债务等纷繁复杂的政治经济现象系统地整合到政府主导的发展模式中，足见兰老师的功力。当然，经济发展模式归根结底仍是国家与社会阶级结构之间相互连结、相互塑造的结果，本书可以作为进一步挖掘经济社会机制的起点。读罢此书，不由感叹政治经济学、公共财政学和金融社会学真乃透视中国模式的利器。五星以示支持。
DoneDo,5,2021-08-29 19:43:18,unknown,3,清晰明了，可读性强，强烈推荐！
渡边,4,2021-09-16 18:20:52,unknown,63,优点是通俗浅白“说人话”，条理清晰，所讲的事和例，也都很得要领，对外行人、经济学盲十分友好，能粗浅了解政府近四十年在经济层面都做了什么，搞砸了什么，走了哪些弯路，取得了哪些进步。作为科普读物是足够了。缺点是不够深入姿态又有点隔岸观火，恰恰是“置身事外”，而且会不会太乐观了，会有“服务型政府”这种东西吗？所谓经济政策撕开说不过是权势者分蛋糕罢了。
不是我点的赞,5,2021-08-26 08:02:43,unknown,2,提到了维信诺嘤嘤嘤，老怀安慰，老泪纵横…
水州,5,2021-08-17 19:12:02,unknown,2,第三、四章解答了很多我的盲区，比如国内的“影子银行”以及“赤字货币化”的核心，作者提出用资本市场改革来限制债务增长，总的来说，我国债务风险的本质不是金融投机的风险，而是财政和资源配置机制的风险。第八章政府的发展与转型，通过“瓦格纳效应”，随着国家越来越富裕，政府在经济中扮演的比重也会上升。首先得知道中国是什么样的，才能去思考中国发展应该往何处去。
纪恩同学,3,2021-09-09 10:43:16,unknown,3,政府干预经济既是经验，也是教训。
Zero,5,2021-08-30 23:48:01,unknown,3,《置身事内——中国政府与经济发展》是八月刚上的新书，复旦大学兰小欢所著。内容通俗，作为经济学门外汉的我，也能读得津津有味。又有料，没有盲目乐观和歌功颂德，更多的是以学院派视角，对问题系统论述。很多观点在政经自媒体上也都见过，例如分税制改革、四万亿、土地财政等等，但都是只言片语，不成体系。本书以地方政府的投融资为切入，对事权、财权、债务等大问题系统论述，系统解释相关政策的形成原因和影响。看完之后，会对当代经济处境有一个模糊的认知。书中引用很多历史资料，讲述改革➡️产生新问题➡️再改革的过程，也自然引出当前经济棘手的问题，如房价、内需不足、贫富差距，再结合最近中央大动作频发，深刻感受到自己置身与新一轮的改革中。
经济人读书会,NaN,2021-09-10 23:46:32,unknown,4,看完了小欢兄这部新作，写得真是太好看了，唯一的遗憾是太短了，意犹未尽！读完后，这些年盘旋脑际的悲观情绪被扭转了很多，这本书让我们看到了在整个改革开放的大转型过程中，中国“政府”做对了什么，使中国从一个落后国家成为一个成功的经济体，那就是作者在书里所引证的：“在成功的经济体中，经济政策一定是务实的，不是意识形态化的；是具体的，不是抽象的。”而要继续保持成功的优势，从“生产型政府”向“服务型政府”的转变，就是必然的题中应有之意，无论如何倒退是没有出路的。推荐人：孟凡礼
奶茶姐姐,5,2021-10-01 15:48:08,unknown,1,说人话(而不是学者话、官话）的典范
橙汁灌黑洞,5,2021-10-02 23:04:46,unknown,2,市面上大概很少有这么通俗易懂、思路清晰、内涵丰富的关于中国经济的著作了。结束语以司马迁杜甫苏轼和“一条大河波浪宽”升华了情感，然而却结束在改善生活和增加谈资这样的落脚点上，朴实得让我这样的学渣感动。
夜半钟声到客船,5,2021-09-22 07:49:39,unknown,4,政府主导的产业发展并不一定是坏事。在成功的经济体中，经济政策一定是务实的，不是意识形态化的。是具体的，不是抽象的。在分税制改革之后，土地财政的弊端已愈发显著，比如高房价、贫富差距、经济结构不合理，消费不振等。经济的发展终究是要体现到消费水平提升及民生改善这些底层逻辑之上，这才是健康和可持续的发展模式。而想要扩大民生支出，阻止土地财政模式的蔓延，新一轮的税制改革已经是箭在弦上了。
Demian,5,2021-10-04 20:58:43,unknown,2,买了一本放在家里，让爸妈也读一下
mindwind,5,2021-10-10 11:05:34,unknown,3,9，写得务实，真诚，很有收获。本书结语可以作为推荐理由:这本书没什么宏大的构思和框架，也没有预测，就是介绍些当下的情况，如果能帮助读者理解身边的一些事情，从热闹的政经新闻中看出些门道，从严肃的政府文件中觉察出些机会，争取改善一下生活，哪怕只是增加些谈资，也足够了。我是个经济学家，基于专业训练的朴素信念也有一个：生活过得好一点，比大多数宏伟更宏伟。
健康男青年,4,2021-08-17 01:00:46,unknown,1,通俗易读。上篇围绕分税制、土地财政、产业政策等线索谈了历史沿革、现状和问题，逻辑非常清晰，一些观点和思考也实事求是。相比较来说，下篇的几个问题稍显零乱，受篇幅限制深度不够，观点和思考堆砌严重，案例没有展开，论文风也越来越重。有点吹毛求疵了，期待更充实的修订本被列入高中和本科必读吧。
Duke_Luxemburg,5,2021-09-16 23:49:16,unknown,3,年度最佳读物，非常好的中国经济入门读物。“避免把舶来的理论化成先入为主的判断—看到现实与理论不符，便直斥现实之非，进而把要了解的现象变成讥讽的对象—否则就丧失了“同情的理解”的机会。”
troubadourin,5,2021-09-19 16:57:46,unknown,3,虽然我是有财务背景的人，但很不好意思说，读了这本书，我才理解分税制改革的背景。对我更多的启发是，中国经济腾飞的具体实现路径，以及政府在其中调配组织资源发挥的作用。这用学校里学的宏观和微观经济学都解释不来。市场不是发展经济的必要条件，而是经济成熟的结果，建设的过程要不断实践，试错，容错，调整。这本书的不少观点，对我工作也很有启发。
David,4,2021-08-16 16:28:35,unknown,3,很好读的当代中国经济现状入门，文笔非常接地气，也介绍了近5-10年的新近研究，尤其是对于城投、产业引导基金的介绍，一解此前诸多困惑。
她的莉莉花香,4,2021-09-28 12:29:01,unknown,1,知道了税收制度的不断改革在我们生活中的影响，对说的就是房价物价。历史都是相似的，任性也是一样的，钱永远都不够，永远都不够。
人间生活观察员,5,2021-08-27 17:11:09,unknown,4,写的太好了…是看完了电子版还要买一本纸质书回来放着，以便随手翻一翻复习一下的程度。重描述，轻理论，着重描述现在为何如此，而非应该如此。case与理论结合非常紧密合理。解释了房价，产业升级，内耗等一系列问题，被这些问题所困扰的朋友们可以看一看为何会如此“生活过得好一点，比大多数宏伟更宏伟”
卢墨,5,2021-08-26 15:21:30,unknown,9,“虽然见过的问题和麻烦可以再写几本书，但经历和见闻让我对中国悲观不起来。我可以用很多理论来分析和阐述这种乐观，但从根本上讲，我的乐观并不需要这些头头是道的逻辑支撑，它就是一种朴素的信念：相信中国会更好。这种信念不是源于学术训练，而是源于司马迁、杜甫、苏轼，源于“一条大河波浪宽”，源于对中国人勤奋实干的钦佩。它影响了我看待问题的角度和处理信息的方式，我接受这种局限性，没有改变的打算。”读的过程中一再感慨，政经哲果然是三大显学，不懂点经济学根本理解不了自己的生存处境。于是想到，在文学里浸淫太久真的会变得不食人间烟火，满腹牢骚又毫无作为吧！可兰老师在后记里的这段话又分明是再说，他对中国的信念，恰恰来自于通过文学建立起的朴素的民族情感，真是很有意思了。
搞小能,4,2021-08-26 00:07:41,unknown,1,作者有一颗兼顾冷静和躁动的心，并全盘映射到了文字上。进可在得到APP开课，退可在书斋奋笔疾书。当代学者的一个典型范式。
逍遥子,5,2021-08-26 21:50:42,unknown,1,花点时间，不妨一逛，若无佳境，弃书即可。开读。。。惊喜惊喜！！！
一粒麦子,5,2021-08-25 11:17:32,unknown,4,很好看的中国政府与国家经济发展爱恨情仇的中肯梳理！疯狂安利给身边的朋友们。上学的时候学西方经济学总觉得很遥远，要是当时能有这样一本书就好了。中国政府置身于国家经济发展之中，我们每一个人有何尝不是呢，关注经济发展背后的政策方向、产业结构调整，对我们做出生活抉择也会有所帮助。问题和麻烦很多，从尝试去了解和关注开始，或许就是改变的契机。
Titicut,NaN,2021-08-26 14:18:15,unknown,1,非常好。作者令人信服地将当下社会最重要的经济现象和改革开放史建立了坚固的联系。在我浅薄的阅读史中确实没看过如此强调文化/制度土壤作用的经济学书籍，与其说这是一本讲经济学的书，不如说是一本讲经济史的书。
无聊热带鱼缸,5,2021-08-23 10:48:37,unknown,3,优缺点很明显，但仍值得推荐的一本书。关于发展过程和发展目标的，是那种好像没啥疑问但是一讲通透还是会觉得豁然开朗的讨论。关于中国经济的复杂面向，这本书没有事无巨细地讲到。至于更负面的那些信息，书中也确实着墨不多，但是其实并没有回避否认，这一点可以从一些引用文献、推论建议中看到。最后，这本书不算是研究推进型专著，但是能看得到作者不是那种晃晃悠悠的经院管院老师，是读了很多新研究、大部头的，不知道算不算难得。。。
东土大唐,5,2021-08-28 10:55:37,unknown,1,了解当代中国政治经济发展的优秀读物。结合扩展阅读里的书目体验更佳。
回答不了,5,2021-09-04 19:47:35,unknown,2,作为一个从经济学跨到公共管理读博士的学生，闲暇发现的一本书，对当下政府、经济发展的宏微观现象的解读都很清楚，也附上严谨的学术论文和经典读物。社会现象复杂多变，任何理论和逻辑都可以找到不少反例，因为逻辑之外还有天时、地利、人和，不确定性和人为因素对结果影响非常大，而结果又直接影响到对过程和理论的评判。成功了才是宝贵经验，失败了只有惨痛教训。产业政策有成功有失败，市场决策也有成功有失败，用一种成功去质疑另一种失败，或者用一种失败去推崇另一种成功，争论没有尽头。可读性很强！推荐给每一个人的经管类读物！
宵夜三分,5,2021-09-02 17:42:41,unknown,2,总在网上看到有人说格局小了，格局小了，看看这本书倒真的有助于开阔视野。
被生活爆锤的鹅,5,2021-09-04 17:23:40,unknown,1,老师推荐的因为老师的老师写了推荐辞hhhhh值得一看
Q.E.D.,4,2021-09-16 10:00:24,unknown,2,真心纯入门科普级别，最有用的是文献综述
雾月纪,5,2022-06-03 11:04:37,unknown,1,深陷其中，定好过隔岸观火。
纠结的面条,4,2021-10-31 18:10:55,unknown,1,这是我的第一本经济学类图书，其中不理解的地方很多，还需要再读。但依然不失为了解中国经济发展和当下经济政策的优秀的科普读物。在结尾，作者说，他对中国充满了乐观，这种信念不是源于学术训练，而是源于司马迁、杜甫、苏轼，源于“一条大河波浪宽”，源于对中国人勤奋实干的钦佩…这段话让我很感动。
风后,2,2021-10-25 16:03:09,unknown,24,阅读和使用兰小欢教授的这本书，需要一点谨慎。兰小欢教授的各种叙述，看起来客观中立，但他的描述似乎只是停留在事情的表面，或者说比较容易看到的阳面，却对隐藏在背后的阴面的叙述，忽略太多。例如京东方和光伏板的产业政策章节，作者并不介绍这些企业的“特别资质”与“特别背景”，可正是因为这些background，才有了来自公器源源不断的赋信。不讲，显然不利于读者了解在产业政策执行中官产学媒的各种“耦合现象”，不利于目标读者的大学生群体真正对我们的经济活动形成一个完整看待的视角。整个书的基调，确实如有些朋友所说，过于乐观，过于正面，略有不当吧。
杰拉鲁,5,2021-08-23 21:38:37,unknown,1,条理清晰，脉络分明的入门通俗读物，对于常见经济概念和现象都溯源性的作了分析，并且与官方理论相映照。可以认为，未来政府财权事权的调整改革，土地财政和重投资发展模式的兴衰，都将成为左右中国经济增长速度和质量的重要因素
清玩,5,2021-08-21 10:47:37,unknown,3,任何东西都不是一蹴而就，需要缓冲的时间和资源，渐进式因地制宜。每个人真是时代的一粒尘埃。
狄清平,5,2021-08-18 17:26:07,unknown,1,非常全面且通俗的一本书，推荐给每一个人
雪磨坊,4,2021-08-21 10:23:54,unknown,1,文从字顺，拓展阅读列得好，一些新闻政策能够放到框架的合适位置上。例如中央与地方财政事权和支出责任划分、补充耕地指标跨区域交易机制、地方政府担保函被判无效、鄂尔多斯用10亿吨煤矿的开采权投资京东方、中国光伏产业得益于德国的标杆电价补贴、禁止政府出资产业投资基金“名股实债”、开展集体建设用地上建设租赁住房试点，又如国家土地督察机制的“驻地效应”、水质监测站与上下游企业排放行为、地方税收压力推升过剩产能、“省直管县”改革引发的土地腐败和人均GDP增速放缓。作者本人的结论简单洗练，“条条关系是业务关系，块块关系才是领导关系”，“新能源技术必须在没有竞争优势的时候就进入市场”，“我国各种影子银行是银行的影子”，“强力政府也在于它有能力拒绝对企业提供帮助”。
GingLam,5,2021-08-23 21:32:34,unknown,1,把当代中国经济问题的实证发现用讲故事的方式串联一起，娓娓道来，实在是精彩！社会学需要这样的科普写作者，既对严肃学术研究有精确把握，又对真实社会现象有感性观察。
张三不知,4,2021-08-23 17:15:48,unknown,1,非常系统的介绍了运行机制，对我这样的人来说很有扫盲作用，里面提到的一些书之后打算接着深入的读一下。
goodfella,5,2021-08-22 17:13:24,unknown,1,很好的了解中国经济发展的入门读物，每章后面推荐阅读质量都很高。
南河,5,2021-10-06 10:42:15,unknown,1,【微信读书】一本很好地诠释了书名的入门读物，虽然太过细节的内容我也记不住，分税制和土地财政的介绍好歹让我对一些身边事有了大致的了解。其实看完最大的收获还是对“务实”二字有了更深刻的体会，故步自封墨守成规是治大国和过日子的大忌。“生活过得好一点，比大多数宏伟更宏伟”
Macondo,5,2021-09-01 19:12:31,unknown,2,可读性强，多做案例研究
加菲猫梦会圆园,5,2021-09-29 21:50:21,unknown,4,能把复杂问题说明白真的是能力
余生假日,5,2021-09-08 19:31:37,unknown,3,很适合入门，浅显易懂，逻辑清晰，大致介绍了近二十年政府在我国经济发展中扮演的角色，从分税制改革说起，分税制改革导致了地方政府收入下降，需要扩大收入来源。于是土地金融兴起，政府重工业重投资，轻民生，GDP靠投资和出口拉高，而后果是地价和房价上涨，居民债务和政府债务负担加大，国内经济结构不平衡，过于依赖投资和出口，出口受国际贸易冲突和各国保护主义的政策也不稳定，因此丞待改革。改革方向是政府向服务型政府转型，减少土地金融——减缓房价上升，加大民生投入——改善居民生活质量，提升居民收入和消费，减少对出口和投资的依赖
纪忆,5,2021-09-29 11:20:49,unknown,2,让读者去了解政府认为应该如何去做，作者做到了这点。5星的原因很简单，扩展阅读推荐的书很有趣，没法要求作者告诉你更多东西。结束语中对凯恩斯的引用反射全文，有些段落读得战战兢兢，怀疑作者，确实这样。
白垩纪动物,3,2021-09-26 09:53:07,unknown,2,最好玩的是讲分权、分钱、搞钱的章节，毕竟权钱是组织行为学的关键因素。1、明确总掌柜是谁；2、领导肯定比我们懂；3、产业发展，补贴有理；4、免不了艰难探索，总会遇到困难的嘛。有疑虑的时候回去看第1、2点。｛狗头｝
Karomaggie,3,2021-09-17 17:00:51,unknown,4,感觉多半是友邻捧场，才把分打的这么高。非经济专业学生想粗略了解经济政策，这本书是够了。经济专业倒没有必要阅读本书，国内本科都会教的
刘吃,3,2021-09-13 21:20:30,unknown,21,没微博推荐说的那么牛，了无新意，似曾相识，政治正确，此外，看这种书对过日子没啥帮助，经济是政治制度的副产品，核心是政治问题！
陌生人,3,2021-09-12 01:00:04,unknown,4,其实还好，但我收获不大，很多时候作者欲言又止。
逍遥客乐逍遥,3,2021-09-02 17:52:26,unknown,10,快餐阅读，坐地铁时候读完了。作为扫盲读物，可以了解目前正在发生的一些现象，但是“为什么是这样”，以后“该怎么办”，现在的做法是否对或者是否有更好的方法，书中没有给出答案，不过推荐了很多书目，今年可以慢慢读了。
HGW XX/7,5,2021-08-18 19:34:53,unknown,2,强烈推荐一波，任何一章拎出来都够研究很久，书里引用的文章也都是经典，研究中国经济必读！
中年危机谢腾飞,4,2021-09-07 00:22:32,unknown,2,脚注里的好多书已经看过了（虽然还有更多的没看过），所以并无太多新鲜事，和读周黎安那本书的体会一样，若是能在上学时就读过这书该多好，有助于建立一个比较正确的认知框架。本书的一个亮点是引用了不少很新的数据和论文。有一定生活阅历和阅读积累后，更能理解作者所说的落后国家赶超所采用的组织和动员资源的方式注定与发达国家不同，但过去的成功经验不见得能适应当下和未来的需要。
福贵儿,3,2021-09-18 17:42:45,unknown,9,评分虚高了，没读出啥新意。
新京报书评周刊,5,2021-12-27 17:40:39,unknown,25,作为影响最大的一门社会科学学科，经济学如今却经常缺少兼具专业性和易读性的通识出版。本书是2021年少有的一本。兰小欢在综述学界的研究成果基础上，向读者讲解过去几十年中国地方政府如何参与、推动经济的发展，并得出结论，务实而非意识形态化的经济政策行为是经济成功的关键。地方政府在经济发展中“置身事内”的过程得到清晰的呈现。
Lottie,5,2021-11-26 17:58:20,unknown,14,非常好的一本书，通俗易懂地聊经济贸易、政府事务、政企关系、贫富差距以及城市化和债务问题，也举例了一些地方房地产、光伏等行业案例，不管是对自身工作还是建立比较笼统的全局视野都有帮助，算是今年读的最有“价值”的一本了。顺带搜索下载了作者兰小欢的其他论文，打算之后再学习下。书里结束语一句朴素的话分享给大家：“生活过得好一点，比大多数宏伟更宏伟。”
セシ♪,5,2021-09-03 22:40:46,unknown,2,必须要承认我所接受的宏观经济学和古典经济学的原理绝大多数时候对中国现状的分析是无力的。中国政府不是一个置身事外的看得见的手，而是通过深度参与中国近四十年的经济发展，深刻而深远地改变了我们这个时代。如何理解房价走势和城乡割裂，如何理解中美贸易战和制造业的重要性，本书有深入浅出的讲解和相当丰富的拓展书单。
乔峰,4,2022-03-16 17:56:05,unknown,12,我觉得多读一点浅显有用的书，比瞎上网强。
kokomi,5,2022-01-02 09:50:18,unknown,2,公务员和考公人必读
姜小白,5,2021-10-18 08:15:20,unknown,7,脉络清晰观点大方，最难得是能自信客观的描述特色部分。我知道自己略cynical，之前尝试的松绑方式是观察下阿拉伯之春以跟及印度、巴基斯坦、中东比较，明白特殊国情发展经济的荆棘坎坷，这种比较远不如兰小欢教授这种平铺直叙，跟vague谈国运比，这种专业又亲切的展示能增加人看问题的宽度。细微处又有知识分子skeptic该有的警惕。特别适合应届生，要读一下，该读一下，尤其是习惯用英语接受信息的年轻人，了解自己非常重要。贫穷国家的发展，必然的是先模仿，后在模仿的基础上有符合自己国情的改良创造，前者至多被批抄袭，后者更能激发他国的防御心，其言论沟壑要多挣扎反思。完整的市场环境是发展经济的结果，而非基础。此书里的荐书，gem。
铲铲,5,2022-01-05 09:13:25,unknown,1,定位就不是科学研究型的书籍，主要还是以普及为主，所以很容易读通。就是因为看过太多理论型，这种结合实际的才更难能可贵。
魏小河,5,2022-01-14 16:48:58,unknown,4,对门外汉很友好。
傻冒叔,4,2022-04-15 18:47:29,unknown,2,通俗易懂，对于非经济学专业的普罗大众比较友好。“置身事内”的书名起得也好，从某种角度而言，确实应该成为公民的“必读书”。只是囿于现实，很多地方没法展开深入讲。结束语作者自己说：生活过得好一点，比大多数宏伟更宏伟。心有戚戚。
我爱阳光,4,2023-08-07 19:42:30,湖南,0,非常不错的入门科普读物，相当于复杂经济学的一篇大纲，论文式写法对于普通人来说也很值得借鉴。当年经济学教材如果是这本，我本来会喜欢上经济学啊。中国其实干得很不错。作者很爱看优秀国产剧。推测：管理类人才可能要翻身。股市依然能赚到钱。消费行业能赚到钱。
一个喜桃🍑,5,2023-01-20 21:04:59,上海,5,1、每一次的危机，其实都是在整个大的宏观发展路径上进行的一个演变，本质都没有变化，要么是微观上的债务，要么是宏观上的债务杠杆，然后引发流动性风险。而危机之后，永远是富者恒富，穷者恒穷，因为债务常常把风险集中到承受能力最弱的穷人身上；2、这个世界上有两样东西不能破，一是美国的证券市场，一是中国的房地产市场，至少目前还是这样；3、金融机构的本质只是锦上添花，绝不雪中送炭。银行不是救苦救难的菩萨，你能赚钱我把钱给你，你不能赚钱，我收缩防御风险比你更快，更严重；4、目前与08年时期最大的区别是，08年中国各个部门的杠杆率偏低，什么空间都有，而现在我们已经没有足够的空间了，几乎把居民杠杆率耗完了。而极高的债务杠杆需要一代人去偿还，就是现在这批想躺平的年轻人，他们是过去这个模式下最大的代价付出者
安提戈涅,4,2022-05-25 16:18:16,unknown,63,这是最近上课提到最多的书，一次是在讲包法利夫人与借贷经济的关系时，一次是讲K到村长家看到一捆捆文件时。书中有不少非常陌生的领域，也有一些问题是以前读陆铭、秦晖时接触过的，但这种陌生只是因为它们转换成了文字与术语而产生的抽象感觉，但作为一个生活者，其实很大程度上也是房价、土地、税务、债务、消费活动的具体参与者，所以我更喜欢看书中宏观的分析，因为兰小欢提供了一个超个人经验视角的高度来帮助我们关照更大的局面。看到讲分税制改革一段政府部门之间的博弈环节，也和他的学生一样感到震惊，大家都对地方按规章办事这种风格习以为常了，没想到居然还可以和中央博弈。可能也说明，这些年来，大家对于“认命”、“只能如此”、“照章办事”的常态化接受吧，忘了以前“真理是可讨论的”——像密尔在《论自由》中所言。
把噗,4,2021-08-24 16:21:40,unknown,25,讲了些常识，然后被热捧，可见国人对自己的国家了解是多么少。
宅蘑菇Moku,4,2022-07-01 13:07:54,unknown,5,▫️一本帮助普通人理解社会经济运作的书，几十年间的各种改革发展和现在为什么会形成这样的局面都简要的介绍到了。涉及的内容有时间的深度、国内国际的广度、从上层到地方的宽度，通俗易懂，读过之后在面对日常碎片化的信息时候，有了很多新的思考和角度。▫️被很多评论诟病的“不痛不痒”，我反而觉得，只是稍表达了作者个人倾向的写作态度对这样一本书来说是合适的。在引言里就已经写到：这本书的主旨是介绍“是什么，为什么”，是非利弊每个读者自有定夺，当不可避免涉及“怎么办”的时候，则注重解释当下正在实施的政策和改革。▫️以及：我已经很久没有读这样的文本，颇有一种回到中学某课堂的怀旧感。这本是我在每天安静的睡前半小时才能看的进去的书。唯有读到液晶显示和光伏行业发展的那两节觉得心潮澎湃，就很燃！
曼仔,3,2023-02-20 21:38:04,北京,4,只给三星是因为我个人阅读后的收获相对有限，无论是新的信息还是新的视角，关于地方和中央的博弈，其实不光在经济学领域，早在二十年前项飙写浙江村，就敏锐感受到了体制并非铁板一块，在中国的生存经验就是在这些缝隙中闪转腾挪。但这本书无论是结构还是行文，都清晰可喜，也是对一些常识的补足（无论是经济学常识还是关于当代中国的常识……最有价值的是注释和扩展阅读的部分
⠀,4,2021-11-17 14:55:53,unknown,1,手握拼图碎片，收集、寻觅、奔波，随着时代潮起潮落，拼完细看，竟是一副描绘我们自身的画卷。
潭边一只鹿,4,2021-09-07 08:55:30,unknown,1,有点点浅了，或许本来兰老师的定位就是通俗读物哈哈。如果我是个undergraduate应该5⭐，可惜现在是PhDcandidate了，感觉给的260个各种延展阅读，价值更高一筹！感谢老师～期待下一本。
JadeX,4,2021-09-03 17:09:24,unknown,1,科普书，基本上包含了我成长二十年的经济大事，跟着回顾了一遍我家里的投资决策，很清晰。这样的书应该作为政治经济学科的通识教材，取代千篇一律的理论与口号
soloist,5,2021-09-06 22:59:58,unknown,1,非常杰出的扫盲类作品，对于中国政府和中国经济的运行机制、核心问题、热点矛盾都有详略得到的介绍和分析，叙述平白晓畅，同时严谨有出处，对于普通读者而言，是了解中国政经的必读作品，值得反复阅读，延伸阅读的推荐作品亦对有兴趣了解纵深的读者指明了方向。2021年9月6日
木易小渊,4,2021-09-19 16:43:02,unknown,1,很通俗易懂清晰条例的一本书，帮助我把一些现象、问题、政策串起来，对中国经济金融社会的发展阶段和发展理念有了进一步的认识。作者是一位乐观有情怀的学者。感慨他的结束语：生活过得好一点，比大多数宏伟更宏伟。20230626二刷了一下，感觉还有很多内容需要结合参考书目深入看下去才能理解。作者融会贯通能力很强，不过确实有点过于乐观。
豆友138305984,3,2021-09-15 22:17:48,unknown,4,前四章细读，后四章看评价说一般就大概晃了两眼，前四章补充了一些知识面，但深度也就那样吧，有个评论说的不错，像文献综述，也有说出版就只能这尺度，总体三星半的水平。
JohnYang,3,2021-08-30 19:02:18,unknown,2,从可以清楚地看到政府怎么嵌入和推动一个地方的经济发展。从分税制所导致的中央和地方财权与事权新的划分，到选择土地财政，不断以土地金融化，推动城市化这一进程。其中讨论了户籍制度、要素流动、债务风险、产业发展、招商引资等问题，说明政府下一步打算和改革的方向，具体如何让我们拭目以待。
NIC920,2,2021-09-16 19:15:53,unknown,17,为什么有人会给8.8的分哦！难道也有鼓励分在里面。张五常的经济解释也才9.2，这书和张五常的经济解释天壤之别。这书可以说是把现实世界的事情归纳整理一下，然后各种经济理论现象总结一下。就拿这个分？无语！
用户602187,5,2021-08-18 23:24:43,unknown,4,这本书应该与《转型中的地方政府》《光变》等书一道，列入研究中国经济问题的必读书目。本书最大的优点，我认为在于其延展性，以一本书的篇幅搭起了一个完备的知识体系和研究架构。关于中国金融风险来源的判断、关于发展过程与结果的区分，是书中的精彩篇章。值得二刷。是日读完于办公室。
韩谬.K,5,2022-04-05 23:15:44,unknown,1,断断续续读了很久的一本书，非常好，非常好。大篇幅讲了发展的过程，小篇幅精准地点到了问题。微观和宏观、中央和地方、国内和国际，土地、财税、投资、债务、工业化、城市化、贫富差距等等，都描出了一个大概的轮廓。总体上讲，过去的发展是明显的，问题也是剧烈的，但问题被发展缓解了。现在看这本书，看过去几十年，似乎脉络处处可寻；看现在，看将来却是迷雾重重。多了解、多学习、多思考，有些事情无法改变，仅仅是知道了也是好的。作者说自己对中国悲观不起来，和我一样，不是因为理论和逻辑的分析，而是纯粹情感上的信念：相信这片土地上的人（甚至不论是否冠以中国的名号）会更好。
文森,4,2022-04-05 23:34:36,unknown,0,上半部关于政府机制的梳理是极好的，下半部对于宏观经济现象的解读就比较浅显了，全书最有价值的部分应该是每个小结后的扩展阅读，综合起来四颗星fairenough
矮油矮油,4,2022-04-05 23:59:38,unknown,0,讲的挺清楚的，想看作者推荐的书深入了解
胡慎之,5,2022-04-05 23:34:47,unknown,1,3月31日读完，一直没时间做完全书整理😩
光圈,5,2022-02-07 21:49:52,unknown,1,一本书读懂地方政府的经济行为
逝者如斯夫,5,2022-04-06 00:24:37,unknown,1,神作，打开一扇门。
夜饮岛屿,4,2022-04-06 00:27:25,unknown,0,上班的时候无聊读。
许缓缓,5,2022-04-06 00:06:12,unknown,1,太棒了，比我本科时代上的任何一节经济学课程都精彩！
晒太阳的猫,4,2022-04-06 07:20:49,unknown,0,论据资料详实，也较为通俗易懂。
甜菜酱,5,2022-04-06 09:59:05,unknown,1,作为一个学经济学的，从来都不理解经济学。这本书深入浅出的解释了我国改革开放以后的经济发展历程，剖析其中的因素，赞同作者的看法，经济是发展的，没有放之四海而皆准的理论，不应该只关注普适性的理论，研究个体特色发展才更具备参考性
師爺,5,2022-04-06 13:09:34,unknown,1,渐入佳境！
小至,4,2022-04-06 13:19:06,unknown,0,算是挺实在的了。
momchilovtsi,4,2022-04-06 15:03:15,unknown,0,2022.03.27-03.31No.19/13.5h
私奔到月球,4,2022-04-06 16:57:49,unknown,0,科普类读物，通俗易懂，有助于更为客观的看待近年来热门的经济问题
新吧唧,5,2022-04-05 17:43:02,unknown,1,把中国当下的问题和由来讲得挺透。大到国家，小到家庭，背后都是账本。94年分税制改革造就了今日的土地财政，大政府的管理方式实现了经济的高速发展，而接下来收支方式的转变，将决定发展轨道是否顺利切换。依然看多中国。
太玄了,5,2022-04-05 18:16:41,unknown,2,仿佛看了十年的人民日报。
yi个风流小伙、,5,2022-04-05 19:19:53,unknown,0,实实在在的文字，作者想必也是一个实在人——他以这样一段话结束：“如果能帮助读者理解身边的一些事情，从热闹的政经新闻中看出些门道，从严肃的政府文件中觉察出些机会，争取改善一下生活，哪怕只是增加些谈资，也足够了。我是个经济学家，基于专业训练的朴素信念也有一个：生活过得好一点，比大多数宏伟更宏伟。”我觉得这本书于我的教义还是挺大的，至少，在很多方面都是从无到有的扫盲式的教育，虽然只是抛砖引玉，没有挖掘很深，但已足够。分税制、企业所得税改革、供给侧结构性改革……说来惭愧，直到现在我才对此有了初步的认识，某种意义上，我真是一点不了解自己的国家。作者也推荐了很多相关书籍，够我喝一壶了。
archlife,5,2022-04-05 17:41:50,unknown,0,对中国经济近些年来的发展的热点问题和逻辑进行了通俗易懂的梳理和说明，并且在每一章的后面都留了不少量的扩展书目，作为一本普及书是非常容易读并且引人入胜的，有关中国经济的书籍是偏少的，对于一些现象的评价也很难深刻分析。这本书在这个方面做的非常好，站在看好中国国运的立场上，梳理了脉络，提出了问题，引人思考。扩展书目中，已经有一些无从寻找了。刻意一本一本搜集了书中罗列的书目，并制作了书单，加上豆瓣没有的，一共接近有50本之多，如果想深入了解，可以按图索骥，继续深入阅读。同一系列里面的《大国大城》也非常值得一读，代表了以市场为基础思考目前我们的所作所为，适度、引人思考。豆列：https://www.douban.com/doulist/149675065/?dt_dapp=1
Xiuhe,5,2022-04-05 18:08:18,unknown,0,写的清晰简明
WhoAreYou,5,2022-04-05 18:15:47,unknown,0,“理解和评价改革，不能生搬硬套某种抽象的哲学或者理论标准，而必须深入了解改革背景和约束条件，仔细考量在特定时空条件下所产生的改革效果。”大多数时候，我们看到的只是现象，是结果。背后的驱动、逻辑和利益的权衡，是我们所看不到的。果然是教科书，对我这种宏观经济小白太好读了。忍不住一直在记笔记和写大纲了，仿佛回到高中课堂。
夏天的狮子座,5,2022-04-05 18:24:00,unknown,0,中国政府与经济发展之间的关系，这个主题影响生活的方方面面。而吸引我的开始主要是书名。疫情期间，每天读一章或者两章，有的章节适合我这种对政治经济学印象停留在承包责任制和招商引资的初学者，有的章节则读起来有点费力。而总体作者的中心思想非常清晰，不要搞放之四海而皆准的理论模型，要实事求是，具体问题具体分析。读完之后又重新翻了一遍。从分税制改革，到十八大；从信息优势到官吏分途；从城投公司到政府引导资金，三奖一补，两种转移支付和三种不平等。积累了一定的中国特色政治经济学词汇。书名和开篇的三个引言非常简洁有力。
做分析的麦克,5,2022-04-05 18:35:01,unknown,1,非常好的一本书，俗话说“宏观决定微观”。作为行业研究者，需要站在产业内部，也需要站在更大的宏观经济背景上去分析问题。地方政府作为经济的实际参与者和监管者，权利结构和承担责任，在分税制改革后，形成了土地财政和土地金融，也推动了房地产和投资的繁荣。形成了城投模式和产投模式。而城市化，债务风险，和低消费形成的出口模式妨碍了进一步的改革，也解释了供给侧改革，去房地产资本化和鼓励创新的实质原因。推荐一读
阿衍,5,2022-04-05 19:22:02,unknown,0,后悔没有早读，真乃神书！
一颗小豆瓣,5,2022-04-05 19:57:55,unknown,0,非常具体的解释了很多大家关心的问题，十分易懂，也明白未来的发展会是什么样子
小L│梵高的向日葵。,3,2022-04-05 20:06:25,unknown,5,写给门外汉的书与d的洗脑文。简单归纳了一些问题，也回避了另一些问题，但是连经济学常用的假设都没有来尝试提出解决方案。
丢东西是件好事,5,2022-04-05 20:20:07,unknown,0,阅读体验极佳！疫情时候读读真的可以抗抑郁～朴素真诚逻辑清晰，经济学小白看起来毫不费力～很喜欢阅读推荐部分，喜欢知识点梦幻联动的感觉～身处局限中，接受局限性，生活过得好一点，比大多数宏伟更宏伟～
alpha,4,2022-04-05 20:27:55,unknown,0,置身事内，意指政府深度参与到经济活动中，不再是古典经济学中“守夜人”的形象，而是资源配置、经济发展的主导力量。作者围绕政府与市场的关系，特别是地方政府投融资活动论述了政府在经济活动中的角色变迁以及背后的逻辑。“有为政府”推动了中国工业化和城市化进程，在发展经济的同时建立和完善了市场机制，创造了经济奇迹。面向未来，政府的角色定位宜从“生产投资型政府”向“服务型政府”转型，增加居民收入和消费，坚持“以人为本”。本书每章的小结和扩展阅读极富特色。本书亦可与郑永年教授的新书《制内市场：中国国家主导型政治经济学》参照阅读，后者试图提炼中国发展经验，阐释中国政治经济现实和未来发展。以一种大历史视角提出了三层市场共存的等级制“制内市场”结构，颇为新颖。这种对政府与市场关系的不同解读更具启发意义。
谢谢哥哥,5,2022-04-06 10:25:31,unknown,0,写的真好真明白，读完立马懂了不少东西，而且延伸阅读推荐的好广好认真。
楼外楼,5,2022-04-06 10:39:25,unknown,0,这是今年读过的第二本五星好评的书，来自兰小欢教授的《置身事内》。专业性越强的书籍向下兼容就越不容易，作者需要和潜意识作战：“读者肯定知道A，所以直接讲A+”，如何化解认知差异是作者必须解决的问题。兰小欢教授在这里处理的非常好，判断标准就是我作为一个经济门外汉都能看懂，整本书通过近年来的制度与改变描述了经济发展的过程，通过房地产、制造业、供给侧改革、职能转变等各方面进行了一次“扫盲”。这本书每一章都有一段导言，结尾有总结，前后连贯层层推进，非常有助于理解，不用自己去做知识体系，跟着书本走就可以，这种书籍对于知识积累来说实在是太友好。完全达到了作者在文末提到的目的：“如果能帮助读者理解身边的一些事情，从热闹的政经新闻中看出些门道，从严肃的政府文件中觉察出些机会，争取改善一下生活，哪怕只是增加
木屿,4,2022-04-06 10:56:51,unknown,0,极尽详细，全面，总结的也很好。
DHSG,5,2022-04-06 11:58:33,unknown,0,作者的文笔算是平易近人了，可我读到中后部分还是有点一头雾水的感觉，一方面是看得断断续续，前面的忘记了，另一方面是对金融专业术语打不到方向。但是看完之后，真的会对中国的很多经济现象有深入的理解。很棒的书!
行星704,4,2022-04-06 16:53:27,unknown,0,持论公正，文笔晓畅，个人认为是一本非常优秀的中国政府和中国经济的科普教材，如作者本人在结语所说，把这本书当作饭间谈资也是有益的。不过，还是能从字里行间，感受到作者的年龄可能并不大。作为一个前国际经济与贸易专业学生，书中很多观点在大学时都接触过，但本人学艺不精，有些观点已经不能很清晰地理解了，也是难为我这个文科生了。
大鱼,5,2022-04-06 17:29:25,unknown,0,适合我这种小白读。疫情之下，中国经济也在面临挑战啊
Lohas,5,2022-04-06 18:00:40,unknown,0,值得二刷
一时一时219,5,2022-04-03 22:55:45,unknown,0,一不留神就落后了，我是很能体会贫富差距，工作中一不留神就落后了
十三点二五,4,2022-04-03 22:55:18,unknown,0,钱怎么来；商品怎么卖；中国特色是什么。读后感思路。
村里种树,5,2022-04-03 23:18:28,unknown,0,像是上了一学期中国经济课，从了解理论到结合实际，从课后总结到拓展阅读，连批注都很认真的读了，补充了不少知识的盲区。感觉其实应该是大学的通识读本的存在，语言简洁易懂，资料详实，态度谦卑，真的是很愉快的阅读体验。
朱朱,4,2022-04-03 23:38:22,unknown,0,写得挺实在，内容也挺好，入门可读！
morgan,5,2022-04-03 23:43:08,unknown,0,推崇西方古典经济学理论的人向来是看低或者诟病中国的经济发展和其所谓的市场经济的，认为其是低效的，资源错配的。但是这本书却是本着具体问题具体分析和国别及案例研究的精神，阐述了政府（中央和地方）在经济发展中所扮演的积极的角色的一面。无论是政府有意设计还是社会自发建立，渐进式改革中的缓冲地带和机制更应被解读为过渡性政策，而非“扭曲”或者“资源错配”。
宁,5,2022-03-03 23:39:24,unknown,0,读的过程很激动，仿佛疏通了血管，理顺了毛线球，读完思维层次似乎更上了一层楼，从此眼前风景又开阔了许多，尤其喜欢作者的结束语，深情满满又中肯实在，另:有没有把扩展书目整理个经济学豆瓣书单的？没有就我来吧！
harryfyodor,5,2022-04-04 00:08:36,unknown,0,了解常识
杀时间,5,2022-04-04 00:40:36,unknown,0,非常棒的经济学入门读物，浅显易懂鞭辟入里。
韭菜的自我修养,3,2022-03-11 12:33:03,unknown,2,政府干预经济本身这一政策并不可取，挤占了社会资本，抑制了民营经济的活力，本人比较赞同供给学派的思想，那就是从供给端放松对经济的管制
Soollian,5,2022-04-04 06:49:01,unknown,0,抽丝剥茧地讲述中国政治与经济，受益匪浅。
墙里秋千,5,2022-04-04 08:06:43,unknown,0,太好看了，像我这种不懂经济学的人也能多少理解中国经济政策和中国经济发展的关系。不时和初高中课本中学到的当时社会政策和现状做对比，中国的发展比我成长的速度快得多。尤其谢谢每章后面专门为普通读者写的拓展阅读推荐。像在课堂上听老师用心良苦地将专业知识转化成学生能够吸收的东西（而不是讨好，这个区别太大了），并且希望学生多学多学再多学一般。
mike.yang,5,2022-04-04 09:20:56,unknown,0,目前看到对当今政府经济运作写的最清楚的
Rangering,4,2022-04-04 10:14:46,unknown,1,国进民退，真言亦不敢言
面包有点甜,5,2022-04-04 10:22:16,unknown,0,理论联系实际，让政策鲜活起来了。
想去北方看雪,5,2022-04-04 10:35:00,unknown,1,写得好，不是说这本书多深入，多有用，而是好在给普通人做好了一个理解中国政府行为的框架，沿着这个框架，普通人也可以对政府行为多一点理解。没有囿于意识形态的争论，没有高深的经济理论，是很好的科普书。列出来的参考书目我也曾读过几本，都很好，都对我有很大的启发。综上，五颗星推荐。
浮生若梦,4,2022-04-04 11:01:35,unknown,0,近年来较好的一本科普入门著作。
文氓迭戈,5,2022-04-04 11:25:29,unknown,0,道理说的明白，启发很大。治大国如烹小鲜。实事求是和具体问题具体分析，是抓住问题并试图去解决问题的关键。不要把理论生搬硬套，认清实现的过程还是得靠实践，过程中的扭曲和错配是难免。后发更要走出自己的路。最后就是，说这么多，不如信念之强大。
windyfly,4,2022-04-04 12:15:41,unknown,0,四星半。对于非专业人士理解在中国各级政府如何运作和影响经济来讲，是一个非常好的入门，可以作为大学101类课程教材。但既然题目叫做置身事内，那么作为读者，期待是对一些当下非常显著的问题能展开讨论，比如深度依赖土地财政的地方政府如何转型服务型政府，有什么样的政策工具可以提供之类的内容
小疯子,5,2022-04-04 14:16:09,unknown,1,很厉害的书，就是我读起来有点吃力，尤其是债务那一部分。饶是如此，也觉得有所收获。
采风的蘑菇,4,2022-04-04 14:35:55,unknown,1,读完的感受就是作为普通人，了解经济运行发展态势，只是明白了自己如何成为被经济裹挟的一份子，变成了许多数据里的几十亿分之一，明白一些发展的现状，运行的规律。比如房地产里的数据，大项目之后可能蕴藏的就业机会，房贷断供引起的失信以及社会性死亡结果。但是到了我们这一代，情况已经无从改变，就像是被宣告了结果一样，而且很有可能某天，所有一辈子的积蓄就变成了一场泡沫，而仅仅是某些政策决策的决定，而那些少数人的悲剧则为这些大的策划和预谋买单。也注定我们这代人更加及时行乐，更加虚无，更加不相信所谓未来。当然未来也只会更加阶级固化，贫者更贫，富者更富，如此循环。作为一个普通人，只可能置身事外了。
momo,5,2022-04-04 17:10:50,unknown,0,结束语把我看哭了，有这样博学、谦逊、实事求是而又满怀热忱的学者，我也愿意相信中国会更好。
andy,4,2022-04-04 18:05:33,unknown,0,适合结合黄奇帆的两本书《结构性改革》、《分析与思考》一起来读。对了解中国政治经济发展有系统性的帮助！总体而言，十分赞同作者的观点：经济发展也没有圣杯，没有一劳永逸的模式，必须结合实际情况，实事求是。我对中国未来发展充满信心。
豆豆,4,2022-04-04 19:05:39,unknown,0,通俗易懂
Jarod,5,2022-04-04 20:10:35,unknown,0,文字读起来很舒服，推荐书单很好。理解从了解开始。
Aulv,5,2022-04-04 20:55:16,unknown,1,2022/4/4读完，共计十小时。作为一个没有任何基础的大学生，刚开始读起来有些磕磕绊绊，读到三分之一处才渐入佳境，虽然对于许多经济学专业的人来说这本书可能对他们没有很多惊喜，但是对于我这种小白来说还是大有裨益的。
一支野马,5,2022-04-04 21:06:36,unknown,2,天呐，我-竟-然-读-完-了！成年后的第一本经济类的读书，虽然阅读中一些晦涩的经济原理一时还是消化不了的，但是粗略的读下来确实会有有大开眼界和被普及常识的新鲜感受。可以说打开了阅读的新世界哈哈哈哈～这种阅读中挑战自我的感觉还是让自己感觉挺好的，有酣畅淋漓之感。导致接下来想要再读一些别的专业的入门经典高分的书～比如哲学，经济，科技，历史，文化，艺术，心理学，天文学等等～哈哈哈哈～冲～
cautiouslife,5,2022-04-04 21:10:05,unknown,0,这本书的好，源于市场上缺乏同类的书——既有经济学理论作为基础，又紧密地联系了中国经济现实。尽管言简意赅，但是也在努力把很多事情讲清楚。难能可贵。
Chris_Ma,5,2022-03-25 21:27:29,unknown,0,了解地方政府在经济发展中的角色，能很好的把握中国经济阶段性的发展脉络，捋清当前面领的结构性问题。中央和地方政府，作为市场参与主体，在推动国家现代化进程的同时，对商品市场和要素市场双侧产生的深远影响。作为经济学科普读物，作者主张经济问题是复杂多变的，不照搬西方主流经济学理论，避免陷入错把发展目标当成济世良方的发展手段的理论陷阱，在肯定成绩同时，清醒的认识到不断深化经济体制改革，结构性调整的紧迫性，本着实事求是的精神，在实践中渐进式发展。
粒粒橙,4,2022-03-30 11:16:50,unknown,0,中国经济发展运行逻辑。
穿墙人,4,2022-03-30 12:25:29,unknown,0,很好的科普读物
我超爱上班,4,2022-03-30 16:37:59,unknown,0,科普性不错，经济各方面的关系捋得比较浅显易懂，问题的深入探讨估计不在作者的写作目的之列吧，一触到就来了高中政治课术语，也是有点出戏。
折翼的天使,4,2022-03-30 21:50:45,unknown,0,这本书内容整体上很吸引我，讲解了中国的政治治理体系，财政政策，从分税制改革到土地金融，从微观到宏观。但有些经济学上的名词让我这种外行有些难受，还有政治正确的部分有些多了。
我是一株向日葵,5,2022-03-30 13:41:35,unknown,0,经济富裕、社会安定、政府得力是国家繁荣的三大支柱，缺一不可。流畅好读，通俗易懂不枯燥。
Niki,5,2022-03-30 16:08:08,unknown,0,读到第三章开头美食节目探访广州卖鸭仔饭小店的片段，一惊！这不是盗月社嘛哈哈哈然而我对这个未来一点也不乐观
こうよう,4,2022-03-30 19:01:37,unknown,0,不错的对经济模式剖析的教材（口头讲稿），很值得读一下。但是笔者显然过于乐观，当然也许会有作为科普教材的隐忧。
wang996,5,2022-03-31 00:01:46,unknown,0,很好的书，系统的整理了中国政府和中国经济的关系，讲经济讲的很务实，看了有很多启发，是一本可以常常翻一下的书。从微观，宏观角度分别讲述，尤其是微观部分讲的很好，既全面又细致。另外，这本书每一章有一个扩展阅读，非常好的方式
werdo,4,2022-04-01 23:40:29,unknown,0,非常棒的了解中国政治经济的入门级读物，当然为了政治正确也无法避免xxx。要发展，要民生，最重要的就是“科学发展观”，而其核心是“以人为本”。自主行动的地方政府+强协调控制力的中央政府+好的官僚体系，我国政治经济体制的三大组件，大家觉得能满足几条呢😝
兔子兔子_不吃胡,5,2022-04-03 15:10:21,unknown,0,把很多中国经济的内因从政府政策开始梳理，简单明了地快速过了一遍由土地财政改革引起的目前经济环境面临的问题。
宝仔,5,2022-04-03 15:44:01,unknown,0,按图索骥再去找一下推荐的书单
一毛一乙,5,2022-03-02 13:56:34,unknown,0,希望我能继承中国人勤劳的品性，中国会更好的，我们的生活会更好的
_杜小慢。,5,2022-04-03 17:38:29,unknown,0,作为电商平台从业者，不断联想到平台政策与商家经营和消费者之间的关系，受益颇多。
幽灵王,4,2022-04-03 21:31:49,unknown,0,对中国经济理解的入门书之一。
身有长物,3,2022-04-03 09:05:09,unknown,3,三星半，几个优点，1.说明了我们从哪里来2归纳了中国国家capitalism的优势3提供了很有有意义的参考书，缺点也跟明显，1.归纳只是过去是否能外推？过去成功的原因可能是未来的失败的原因，所谓盈亏同源，路径依赖，2机会成本，作者批评照搬西方理论的简单粗暴，然而对西方理论不了解中国实际情况也一样是贴标签式的zz正确，政府过去有效对其他可能政策的挤出效应如果？3未来走向何处又一些分析和期望，然而看起来还是很难落地的想法。倒是温的三不（不稳定不可持续..）道出了当下的困难另外债务问题降杠杆十年貌似雪球更大了，一旦不可持续…我只是一个宏观经济学考试60分的本科生，妄言了
Saki,5,2022-04-03 11:48:01,unknown,0,有知识积累了读更好
人间值得,3,2022-04-03 13:13:46,unknown,0,通俗易懂
故事大王王老师,5,2022-04-03 13:19:32,unknown,0,小白友好型。
蓝蓝是我,5,2022-04-03 14:08:38,unknown,0,通俗易懂，并种草了很多新书
陈什么来着,5,2022-04-03 16:35:06,unknown,0,打开政府工作报告的大门，这本书就是钥匙。
Ganxchen,5,2022-04-03 16:53:44,unknown,0,好读，内容好。#孔夫子旧书网有些书价格过高了，例如这本书，当当新书价格比孔网便宜1/3#
澈,4,2022-04-03 17:26:34,unknown,1,本书属于从经济学角度看实体经济对于我国特色国情里的很多东西是普及性的不过至少还算真诚和客观作者整体大概认为我们处于一个转型节点比如服务型政府资本市场改革等高度还是有的但说实话看到问题指出问题也就是第一步罢了还是建议列入金融从业者必读要是没读过懒得跟你对话系列
寒蝉夜鸣,4,2022-04-03 21:16:54,unknown,0,这书的前三章讲的中央与地方的博弈、分税制改革、投融资、土地政策等等都需要时不时多看看，特别是后边两个和我在做的事息息相关。整本书用很通俗易懂的方式给我说明了这些内容，后边章节因为不太感兴趣有点看不来，总的来说看个入门还是足够了。
清晨,5,2022-04-03 21:57:58,unknown,0,深入浅出，让我这样的外行也能理解中国经济问题的内在逻辑。
姜浪花,5,2022-04-03 22:30:17,unknown,0,兴百姓苦亡百姓苦
开在尘里的花,4,2022-02-04 19:47:36,unknown,0,通俗易懂，给小白科普正合适～更多的联想到企业管理，都是一样，如果没有制度保障，通过人性道德良心来推动发展，多少有点靠运气的成分，但是反过来说，再完善的制度也总会有缺陷，所以，emmm，书里讲到，实践是检验真理的唯一标准，但是，也不能用一种成功的实践就去否定另外一种失败～
已注销,4,2022-04-04 11:24:21,unknown,0,当前我国经济方面两大问题：1.内部经济结构失衡：重生产、重投资，相对轻民生、轻消费，导致与巨大的产能相比，国内消费不足，消化不了的产品只能对外输出。这就带来了2：国外需求的不稳定和贸易冲突。国内经济结构失衡主要就是居民消费不足（GDP三大部分消费、投资、净出口（出口减进口），其中（居民）消费占比过低），原因是居民收入份额低+储蓄率高。要提高收入就要：1.继续推进城市化+服务业（因为制造业机器自动化后无法吸纳更多就业），服务业的大发展，只能发生在人口密集的城市中。2.地方政府增加民生支出（教育、医疗、社保、养老等）。3.扩宽居民的财产性收入，发展各种直接融资渠道，让更多人有机会分享经济增长的果实，这就涉及金融体系和资本市场的改革。总之，“生产投资型政府”要向“服务型政府”转型。
最后的青豆,4,2022-04-04 15:55:58,unknown,0,未来几十年将由投资型政府转型为服务性政府的中国发展计划，由此立点将与你我相关。
北岛音,5,2022-04-04 16:36:36,unknown,0,生活过得好一点，比大多数宏伟更宏伟。
闲人,5,2022-04-04 22:23:07,unknown,0,阅读体验如此之丝滑，很多经济问题几页就能解读通透，经济一定是在时时刻刻变化着，制度也必然随之变动，进而影响经济，坚定看多中国，相信中国一定会更好。
